-200-

IDIVES ET RELEGATIDNS
DAVIDO - CESDIP

PRECICDR PRELEGAS

4960

5915

7132

7135

8909

9530

10438

12052

12568

14077

13716

14093

15471

15041

15361

17155

20929

17600

21114

24262

26544

30800

33299 .
35955 .
36492

38271

39639

41288

41489

40975

44223

47548

45937

48029

50071

52150

57438

63375

60129

48519

45516

57118

61428

68865

67991

68490

71045

69556

70555

74009

79719

78998

82732

87561 .
89634 9
91055 232
92204 270
94137 292
96449 275
99098 295
98253 231
105380 238
104525 206
104644 230
99434 219
97271 201
93909 203
93475 163
88183 187
84733 186
85814 180
84865 159
B4254 144
34117 153
87184 186
79608 167
83292 173
85480 155
84706 116
B4938 138
90244 101
92179 111
86268 112

