-160 -

lNTES. DENDN(
aARVENUS A L1
SLIC
SDIP

AGENDARM

23693

24986

25302

28254

31716

34178

37235

41928

44043

49118

47356

52428

55622

61093

66185

81089

90113

81376

91648
101955
107586
121505
129375
129373
120478
114088
113487
112122
110086
103595
110196
112518
109237
111202
114232
119468
131362
141339
135516
111041
119453
148379
163031
177555
176333
186400
185085
187165
190135
200732
208451
202077
209216
218040
229505
229996
240283
241789
246319
248428
261823
276387
279979
277900
267981
262513
261876
268500
267131
264304
261524
256411
258255
263184
261516
259931
262520
251267
243164
239816
258589
260260
253114

206078
249400

