- 1 9 6 -

TABLEAU 14 : SURSIS A L'EXECUTION DE LA PEINE
BASE DE DONNÉES DAVIDD - CESDIP

ANNEE PSUASTOT PSUASSIM PSUASMAE PSA(=1AN PSA)1AN
1891 39 . . 21 16
1892 G1 . . 34 27
1893 36 . . 13 23
1894 25 . . 5 20
1895 32 14 18
1896 24 14 10
1897 43 20 23
1898 48 . . 25 23
1899 51 . . 26 25
1900 64 . . 25 39
1901 62 29 32
1902 65 34 31
1903 51 22 29
1904 98 35 63
1905 86 34 51
1906 99 41 58
1907 107 36 71
1908 142 42 100
1909 98 23 75
1910 101 41 60
1911 90 29 61
1912 116 39 77
1913 111 47 64
1914 .

1915

1916

1917

1918 . . .
1919 100 2B 72
1920 139 33 106
1921 174 62 112
1922 146 23 123
1923 67 17 50
1924 93 23 70
1925 B1 25 56
1926 92 29 63
1927 111 39 72
1928 98 33 65
1929 87 18 69
1930 87 15 72
1931 115 23 92
1932 163 42 121
1933 194 . .
1934 199

1935 259

1936 204

1937 218

1938 174

1939 .

1940 94

1941 92

1942 114

1943 105

1944 91

1945 130

1946 215

1947 245

1948 315

1949 270

1950 311

1951 277 . .
1952 244

1953 192

1954 247

1955 234

1956 229

1957 213

1958 175 . .

1959 142 130 12

1960 153 135 13

1961 172 134 38

1962 178 136 42

1963 62 13 49 . .
1964 189 154 35 . .
1965 257 198 59 . .
1966 261 171 90 . .
1967 283 205 78

1968 244 173 71 .

1969 247 159 68 . .
1970 218 159 59 . .
1971 289 127 162

1972 164 117 47

1973 320 292 28 . .
1974 146 95 51 . .
1975 197 145 52

1976 142 104 38

