-166-

AIRES LAISSEES SANS POUR
PUBLIC ET MOTIFS DE CES
CESDIP

AINCDNN1 APAGRAV1

8168 10180
10292 11588

8998 10531

8917 11705

9431 11375
10455 11946
11635 12393
12282 13317
12487 13793
14127 14211
13184 14657
13398 15482
14493 15682
15929 15506
16713 17557
20787 17711
25553 19469
20838 19532
23087 22249
23670 22298
24563 22980
25720 21804
30439 20641
35395 19755
34062 17693
33019 17749
30399 18332
29162 17873
26153 17319
27876 16036
30607 16539
31246 17157
31258 17127
30862 18042
32107 18296
32532 18260
35773 21439
38169 23625
37380 23492
26756 14001
30522 20371
42813 18501
44620 19106
46390 18803
42480 20121
42080 21206
44980 20693
45202 20395
49142 19759
55683 20679
56333 20272
58553 21977
62587 22963
55362 25763
69769 28004
70068 27734
72574 29297
76359 31302
78486 30335
80095 29895
83075 32380
B9262 37810
91937 37346
89582 37724
83834 36210
87073 36385
85040 38307
92233 40696
89337 41146
97761 42994
94663 44143
95163 46437
98686 46708
103419 49289
105003 50726
103233 43790
105356 43557
100484 41296
97446 42431
97186 42740
102325 45445
104111 48307
96237 47836
116141 36827

116359 39244

