-797-

BLEAU 14 (FIN) : SURSIS A L'EXECUTIDN DE LA PEINE
SE DE DONNÉES DAVIDD - CESDIP

PSUCÛEMP PSUCOSIM PSUCOMAE PSC46J PSC(=1AN

7362 . . 1114 7353
10938 . . 1578 10907
12284 . . 1884 12262
13332 . . 2071 13302
14033 1850 13977
14697 1951 14611
15217 2100 15143
16138 . . 2166 16069
17355 . . 2457 17302
18933 . . 2453 18879
20013 . . 2765 19951
21687 3086 21611
21713 3516 21640
21538 3322 21449
22190 3296 22076
22835 3227 22750
23088 2938 23033
22570 2754 22485
21223 2518 21132
20085 2394 20022
22214 2559 22121
20761 2374 20668
20506 2184 20410
22387 1582 22232
27390 1776 27146
25474 1792 25311
23744 1393 23591
22107 1137 21926
20579 1167 20404
23138 1411 22905
23013 1934 22813
25430 1396 25191
26606 1437 26440
29335 1322 29145
29018 1237 28837
29584 1394 29398
29998 1382 29778
32904
31043
29981
28056 .

28816 27927 889 .
38434 36211 2223 .
44471 41116 3355 .
45421 41259 4162

49046 44573 4473 . .
52025 47029 4995 . 49766
57636 51457 6179 . 54960
63589 56561 7028 . 60308
75962 68486 7476 . 72107
77515 69364 8151 . 73933
63728 54723 9005 . 59493
89459 79774 9685 . 84734
103361 94682 8679 . 100120
109682 100663 9019 . 106876
108023 98585 9438 . 105738
67370 57519 9851 . 64499
118940 106477 12463 . 103629
125380 112076 13304 . 121663
130022 112337 17685 . .

132252 113327 18925 . .

