- 188-
'IVITE DES TRIBUNAUX Cl

1E D'INTRODUCTION DES
- CESDIP

PADAMEN PPCRELA

176540 5565
139618 5553
126650 5434
94535 5885
85848 5955
95096 6145
102639 5388
101032 5816
96947 5503
104330 5431
90476 6115
93711 5225
97737 5398
93535 4964
91528 5071
88376 5385
98253 5108
92556 4330
80039 4165
78484 4443
73400 4269
87824 4084
84013 4350
80349 3911
62366 3602
57326 3746
63346 4319
50096 4125
42455 4170
26700 3994
23977 4453
19362 4372
15268 4444
14490 4395
14072 4429
1212B 4525
11904 4521
13307 4648
10111 5012

9698 2179
24985 2385
14133 3079
12547 3352
11904 3084
12443 3113
12127 3122
10726 2811
10756 2718
11334 2494
11197 2720

9910 3183

9317 2814

9225 2567
10386 2692
10841 274B
11700 2694
14934 2249
13524 2185
11353 2342
11261 2017
11051 1963
10769 2320
10868 2326
10278 2067
10059 1909

9802 2139
13657 2076
14785 2071
12899 2090
11541 2045
11788 1616
13288 2012
13315 1829
16041 1768
14083 1581
10596 1637
11928 1468
12939 1368
10675 1492

9376 1572
11939 1448
10136 1440

9732 1403

4207 308

4635 513

