4178-

9 : MISE l EN LIBERTÉ Pm
DONNÉES D1 ÀVIDD - CESDH

PLPMAIN PLPFLAG
1343
1945
1423
1632
1521
1321
1565
1727 .
1455 110
1194 190
2055 .
2071
2350
2311 .
2202 149
1596 24
2282 87
2771 59
2979 111
2979 127
2930 114
3618 98
3947 138
3154 77
3337 130
3704 99
3696 143
3747 141
3304 80
3202 95
3240 86
3418 83
3015 89
2924 58
2819 65
3720 48
4014 59
4699 97
4187 97
4325 77
4097 74
4010 71
413B 124
4232 147
4240 126
4357 118
5525 90
5599 81
5508 82
6773 91
6274 134
5689 173
5509 124
5226 97
4617 124
3847 73
3507 85
3568 67
322B 64
4044 70
4207 133
3259 143
3372 100
3258 104
3345 165
5723 210
3740 165
4367 139
1989 155
2049 209
1747 168
1855 215
1709 253
981 184
569 198
1052 144
48 169
822 267

986 282
1588 20è

