.1 953-

PEINES D'H
SDIP

PEXEDPFE

16378
17662
17746
17765
19076
20188
22257
23873
24703
28300
25828
26595
29082
29134
28501
33386
44994
34463
40528
43716
45930
50851
51859
52125
46513
43876
43333
42576
40099
39754
43335
45771
42019
42894
42731
43819
49939
55124
53147
33967
43172
58411
60519
62885
6154B
60602
65039
62994
63875
70772
75528
77229
79157
82939
83413
B4563
81491
83847
87218
88978
83347
87533
78251
80617
70383
87691
62857
63887
58939
54753
51856
49997
48425
44715
45297
43958
49025
50459
47844
48194
54059
57701
54352

33297
47828

