-175-

8 (SUITE) : INSTRUCTION. ACHEVEMENT DE LA
DETENTIÛN PREVENTIVE
DONNÉES DAVIDO - CESDIF

PDDTDTAL PDPMAIN PDPMDUE PDPLPRÛ

81469 . 5645 6744
70521 . 6141 5813
70345 . 5850 5610
75029 . 6803 5893
51902 . 6540 6510
53168 . 6446 6481
84792 . 5553 6630
77060 . 5534 5136
74310 . 5981 5515
72241 . 6000 5024
75332 . 5779 5182
74219 . 5572 4829
61240 . 4251 4367
64401 . 3391 4265
67078 . 3464 4256
59902 . 2111 4313
56293 . 1645 4395
65346 . 1751 4991
51888 . 922 5063
58420 . 1805 10572
95674 . 1748 14466
90667 . 1195 16840
76133 2125 15976
79039 1050 18154
65441 2513 10830
81120 2168 15393
6312

8616

7952

. . 8069
45048 1983 4807
47241 1779 5698
54557 1912 7527
55332 2438 7280
54529 2767 . 6951
52682 2868 . 7442
53204 2921 . 6623
56902 2663 . 7669
60647 2707 8528
59834 2527 9008
63421 3139 8593
67295 3457 . 8759
66816 3340 . 9168
64022 3879 . 10150
60229 4002 . 9059
53176 3223 . 9057
55692 4224 . 10000
53833 4177 . 10648
53383 4602 . 11826
59896 5139 . 12150
58351 4741 . 11346
58046 5399 . 11907
53000 5631 . 11980
53914 5726 . 12656
60386 6719 . 13669

58661 6305 . 13739

