TABLEAU 1

4599

: EFFECTIFS DES AGENTS

DE LA POLICE JUDICIAIRE

BASE DE DONNÉES DAVIDO - CESDIP

NAGENPOL NPOLIMOB NPÛLIFER

2975
2859
2909
2994
3072
3134
3764
3828
3829
4091
4140
4244
6784
7032
7009
7161
7337
7403
8425
8531
8597
6763
8865
9024
8910
9211
10496
10574
3489
10267
10952
11464
11476
11539
11663
11822
12175
12893
12583
12810
13085
13226
13430
13751
13601
13750
14111
14011
14127
14450
14598
14627
14758
15145
15213
15369
15501
15489
15855
15970
16128
15847
16105
16155
17472
17638
17524
17741
17911
17984
18132
17149

17940
18448
19187
19010
19496
19509
20672
20971
20126
21491
21636
30641
32129
31533

849
1122
1088
1376
1761
1909

1433
1776
2014
1972
2225
2134
2263
2565
2395
2434
2435
1582
1853
1981

260
275
278
273
274
269

386
510
501
479
481
422
483
479
484
523
525
594
637
698

NMAIRES NCHAMPET N

36056
35987
35845
36056
35988
36040
36119
36031
36056
36016
35917
35833
35796
35948
36248
36129
36097
35961
35997
35993
36007
35964
36138
36184
36205
36209
36199
36195
36201
36244
36246

33517
33926
34263
34431
34742
35000
34928
34889
34950
35025
34769
34652
34611
34405
34155
34355
34043
33904
33779
34816
34986
35248
35217
35058
35003
34913
35018
34600
31620
31750
31923
31688
31782
31746
31709
31827
31638
31680
31240
31340
31446
31521
31254
31764
31470
31544
31521
31516
31474
31559
31523
31835
32175
32616
32467
32301
32256
32334
32348
32150
32280
32193
32230
31995
31986
32118
32138
31864
31786
31915
31503
31197

29815
29564
29341
29374
29427
28915
30618
2921B
29286
29462
29247
29502
30730
30456

PARTIC

22672
24510
26964
28472
29017
28652
28679
27901
28724
29276
29124
28988
29225
29361
29465
29675
29696
30477
31095
31179
32058
31032
32667
33022
33710
34113
34586
33846
32576
31579
32067
32844
32716
32906
33027
33614
33886
33733
33087
34105
34264
35209
35871
35948
36736
38021
38751
39862
40848
41284
41469
42232
42522
42842
43934
43366
44045
43642
43693
44482
44924
45749
45734
44863
44508
44895
45085
45401
44709
46601
45909
47898

33132
34185
33373
33611
33817
33116
35665
32768
32816
33093
33655
33264
33145
32290

N

