-204-

TABLEAU 17 (SUITE) : ACTIVITÉ DES TRIBUNAUX DE POLICE
BASE DE DONNÉES DAVIDO * CESDIP

ÂPDLCLAS APOLINFO PCDMPAVE ACDMPPAI PAPFTITR

14255 .
15545 .
16975 .
17110 .
19544
22916
18445
21425
25797
27266
31764
29201
30950
27173
26009
25756
29395
28926
28056
31187
31178
28720
29992
28933
29352
29750
31922
29435
. 24149
. 29853
. 34650 .
. 34920 .
37874 .
. 37284
9767 37634
6665 36422
8961 35736
6279 35357
6512 35986
6166 35242
6516 35364
7121 33895
6599 34421
5649 33200
6770 34726
6611 31430
6891 28888
11944 26793
4174 27251
4599 26290
7435 24606
10018 25937
6539 25083
4544 24726
4843 23514
5170 24212
4896 24503
4975 24186
8515 21974
6681 21953
7770 21023
8536 24198
5404 24473
11255 23032
13535 22351
17126 22202
16159 25511
16157 22269
16421 21511
15549 24813
20569 24020
24014 20934
27459 16479
21408 18404
29256 21849
25693 19460
23322 17799
22026 18121
20074 18907
19448 20333
22735 24181
22288 21936
21296 21644

21546 21060

