-193-

TABLEAU 13 (SUITE) : ACTIVITE DES TRIBUNAUX CORRECTIONNELS -
RESULTAT DES POURSUITES
BASE DE DDNNEES DAVIDD - CESDIP

PSPEPREV PSPEACOU PSPEPARE PSPEMAIS PSPEPRIS PSPEINF1

9092 501 75 2 1073 1070
7780 530 88 0 954 948
7410 440 76 0 B43 840
5191 511 112 6 B23 815
6809 553 104 0 951 946
6581 4B8 74 7 810 796
7930 671 189 6 1770 1750
7781 623 171 4 1715 1699
8543 452 74 2 1485 1480
7685 337 46 0 1234 1222
6595 367 47 5 1521 1515
7848 422 55 2 1539 1531
10647 536 . . 1655 1647
12029 541 . . 1694 1888
12015 679 2526 2505
9562 627 2504 2481
7246 650 1556 1547
8692 723 1501 1500
5126 368 719 710
9636 B18 1590 1576
14019 1163 3013 2993
13507 1201 3032 3009
11086 916 2747 2744
14415 1367 3036 3023
19663 2440 3859 3336
15838 2170 3220 3196
13982 1749 3421 3389
12807 1653 3575 3542
9055 1339 2205 2182
6925 936 . 1255 1232
7841 811 . 958 943
7906 807 . 1018 1013

9224 765 . 1037 1031

