-180-

: DETENTIDN PREVENTIVE
ET JUGEMENT CDRRECTIDNNE
NNEES DAVIDO - CESDIP

PCDMMDEP PCÙRLPRD

325

336

376

397

390

414

442

482

481

454

502

550

519

481

407

399

452

708

790

843

897

961

859

868

1331

127B

1012

1161

1013

1113

1273

. 1380
36169 1079
29576 942
27952 1183
23513 1342
25029 1372
25704 1350
24585 1304
19089 897
24478 1264
30595 2309
31499 2506
32121 2321
28170 1790
27434 1788
27807 2167
26124 2084
25301 2365
25765 2205
24521 2078
24185 2035
24373 1846
24168 1574
23273 1590
26027 161A
24395 1596
22951 1423
21424 1481
21747 1507
22086 1468
22724 1669
22398 1638
23610 1672
21085 1725
21799 1418
20722 1424
20431 1545
21690 1489
20798 1428
19186 1712
17578 1751
17901 2039
18249 2754
18860 2834
19648 2944
22291 3055
24193 2755
22032 2885
22160 2699
25230 2538
28065 2650
26543 2285
23765 2664

29102 3330

