-162-

: ORIGINE DES PLAINTES. DENÛNCIATI
PROCES'VERBAUX PARVENUS A LA CDN
DU MINISTÈRE PUBLIC
AVIDU - CESDIP

ACHAMPET APARTIC APDNPECH

6351

6826

5961

5469

5325

5803

6409

6492

6782

6782

6970

7573

7378

8990

8998

10403

10858

8132

9270

10412

10077

12544

14091 .

14572 .

13535 .

13715 .

14073

13584

13474

12716

13842

13915

12289

13171

12451 .
10497 6128
11449 . 7205
11444 . 6299
9723 . 4078
8363 . 3465
11499 . 3035
10937 . 3704
11629 . 3892
12299 . 8912
10663 2454 3908
10010 2699 3944
9066 2803 3789
8748 2427 3951
8686 2811 3557
8736 2613 3437
8879 3102 3683
8164 2715 3160
8097 3291 3432
8022 3138 3447
8205 3488 3595
7611 3728 3360
7783 4236 3777
7606 4151 3375
7948 4232 3286
8053 4158 3410
8089 4487 4208
8419 5169 5252
8892 5563 5029
7953 5603 4546
7563 5716 4564
7174 5802 4144
7198 6205 2635
8025 6409 2061
8029 6699 1882
7310 6147 1758
7572 6851 1533
8123 6468 1574
7604 6569 1853
8311 7262 1932
7918 7519 1846
8129 7835 1659
8118 7522 1543
8631 6636 2028
7489 6803 2307
7221 6796 1858
7578 7696 2169
7720 7803 2004
7376 7231 1886
4359 3167 558

5349 3997 654

