- 1653-

EAU 5 : RÉSULTAT DES AFFAIRES SOUMISES
AUX JUGES D'INSTRUCTION
DE DONNÉES DAVIDÛ ' CESDIP

ARENVTC ARENVTP ARENVTE AJONCDES

20344 700
21012 364
20754 269
21716 517
22686 370
24334 195
25985 172
28423 176
29624 175
33213 139
30697 176
32220 178
34397 135
34534 129
33687 186
38678 289
48344 299
39074 168
47239 303
49938 483
52026 .
57645

56895

57686

52565

51714

50868

50647

47477

47736

50257

51776

40045

34434

33547

29504

30121

31080

30346

22752

30120

36521

34968

35206 .
32237 .
31590 .
32183

29794

30266

30510

29730

28655

28088

28664

27298

30666

28141

26077

24866

24744

25045

26305

25880

26692

24434

24771 .
24499 .
25390 . .
25857 . .
25084

24441

24271

25198

28238

27499

28969 .
32193 . .
33952 . .
32098 . .
3277B .
35673

38180

37659

38166
46179

