-183-

TABLEAU 11 (SUITE) : ACTIVITE DES
BASE DE DDNNEES DAVIDD - CESDIP

PPARENTA PMAISONA PCONDASS

16 38 2272
6 40 1880
. 15 1467

14 17 1330

12 10 1343

11 6 1275

12 17 1243

1206

1199

1107

1013

1103

1211

1228

1253

1206

1073
966

545

689

802

773

762
1137
1645
1936
2244
2206
1957
1691
1403
1239
1256
1166
1057
1080
1072

955

914

934
1012
1257
1305
1466
1609
1440
1305
1217
1073
1087
1280
1351
1273
1919
1676
1765
2128

.a .4

ONàNJ-JŒ-Iàloqw
.4

AUIOIAŒCDNCDbMN

.-
.a

Quand ..

' OOMNMaŒbthŒH-
.a .-

- Qmmbælm'

