-179-

TABLEAU 9 (FIN) : MISE EN LIBERTE PROVISOIRE
BASE DE DONNÉES DAVIDÛ ' CESDIP

PLPRENV PLPMAIN PLPFLAG PLPREOU PLPDROIT

3711 338 . 1562
4323 636 . 1756
5872 1126 . 1562
. 6523 2330 9470 .
3860 5314 1191 5264 470
314 5637 958 8089 599
. 1983 1118 4687 427
. 1780 1028 5260 772
1895 1033 5772 799
2459 795 6473 1064
2759 386 6184 964
2964 617 7286 779
2921 661 6697 612
2670 993 721B 726
2707 828 7954 937
2527 756 7960 1261
3139 877 7572 1592
3457 894 8005 1061
3340 825 7648 1691
3879 333 9217 1131
4012 769 10263 1035
3337 395 9332 .
4224 1147 10246
4177 813 10621
.4602 576 12087
5139 788 12452
. 4741 1669 11709
. 5399 747 12399
. 5631 973 12261
. 5726 661 13105
6719 . 13669

6305 789 14081

