. - 185-
TABLEAU 11 (FIN) : ACTIVITÉ DES COURS D'ASSISES
BASE DE DDNNEES DAVIDD " CESDIP

PCARCAN PBANNI PDEGRADE PCORRECT PEA(=1AN PEA)1AN 'EA)=5AN

. 1136 196 1833 1137

2 1035 154 1555 902

. 806 139 1183 692

1 754 134 1069 639

. 767 126 1107 632
718 138 ' 1036 616
691 114 1035 615
616 101 1017 639
660 114 966 574
600 94 934 554
568 93 546 467
626 128 915 546
695 163 962 .
717 . .

720 .

712

616

565

296
368
417
397
423
596
772
851
1057
995
661
860
782
677
636
627
600
569
495
490
456
502
537
690
608
784
841
761
673
669
603
569
6119
678
650
906
744
761
1035

