-202-

IVITE DES TRIBUNAUX DE P
DAVIDD - CESDIP

APULIPC PINCULPE

7013 104571
6885 148181
6919 150157
7137 137598
7488 150460
7415 168284
6771 180248
6829 202814
6601 213591
6659 228140
6419 226189
6623 240397
6114 251329
6290 291962
6563 300933
6132 302185
5894 303679
3496 147452
4727 233751
5013 306381
5083 320431
5615 425542
6087 543407
5579 516018
5042 510873
5664 533195
6099 536134
6452 548491
6475 524968
6182 508765
6623 543268
6903 571174
6541 518089
7173 528394
7331 531278
7404 520063
6871 474661
7100 493039
6713 413128
4777 234158
4275 267028
5896 450549
5536 509921
6077 536110
5353 545480
5958 513112
5336 487234
5394 459706
4942 436162
5301 423609
4960 449203
4732 463414
4697 466927
4534 487426
4085 467147
4096 468117
5049 460237
4787 446485
4300 438618
4298 462078
5362 461802
3391 451404
3963 455542
3801 448474
4421 412633
3545 434835
3740 450872
3632 435651
3943 446249
3360 455813
2236 425950
2781 439736
2095 449292
2090 426483
2116 448995
2144 415711
2671 506123
2090 519545
2159 526833
2118 472472
2132 525495
2241 587711
2455 621652
917 343034

1478 602833

